
> # Look at some things
> 
> table(cbg.comb$cvBg.grav > 500, abs(cbg.comb$aerr1) < 0.05)
       
        FALSE TRUE
  FALSE     3    0
  TRUE      6   24

> table(cbg.comb$cvBg.grav > 500, abs(cbg.comb$aerr1) < 0.10)
       
        FALSE TRUE
  FALSE     3    0
  TRUE      1   29

> table(cbg.comb$cvBg.grav > 1000, abs(cbg.comb$aerr1) < 0.05)
       
        FALSE TRUE
  FALSE     6    3
  TRUE      3   21

> table(cbg.comb$cvBg.grav > 1000, abs(cbg.comb$aerr1) < 0.10)
       
        FALSE TRUE
  FALSE     4    5
  TRUE      0   24

> 21/24
[1] 0.875

> BMPo$fv.inoc
  [1] 0.06683154 0.07046013 0.07065323 0.08023668 0.07342489
  [6] 0.07964316 0.06608818 0.07155467 0.07008624 0.08158514
 [11] 0.07951491 0.08010454 0.09604704 0.06732553 0.06930545
 [16] 0.14566022 0.15207000 0.18842683 0.12641959 0.13082139
 [21] 0.13494041 0.05494455 0.05761496 0.06994905 0.06577035
 [26] 0.07248514 0.06650648 0.07428657 0.07034956 0.07428472
 [31] 0.06494194 0.06924806 0.06884548 0.07867255 0.07259093
 [36] 0.07755767 0.06383206 0.06591039 0.06940506 0.08052437
 [41] 0.07746614 0.07892910 0.09332068 0.06596893 0.06755654
 [46] 0.14763407 0.15391280 0.18945972 0.12853401 0.12801075
 [51] 0.13576676 0.05431247 0.05504519 0.06391562 0.06276813
 [56] 0.06940961 0.06371405 0.07433708 0.06981229 0.07333743
 [61] 0.07606682 0.07998544 0.08094540 0.07352412 0.07387624
 [66] 0.07580984 0.07484684 0.07421286 0.07420168 0.07766529
 [71] 0.07748652 0.07918059 0.07988278 0.07849539 0.07756625
 [76] 0.17333056 0.17840390 0.17514673 0.14352208 0.14020402
 [81] 0.14378042 0.06145516 0.05955452 0.06206973 0.06625711
 [86] 0.06095648 0.06703789 0.08013641 0.08232970 0.08224734
 [91] 0.08247158 0.08968763 0.08713490 0.14220865 0.11609230
 [96] 0.12683550 0.08015239 0.08809628 0.10043568 0.13857443
[101] 0.12356775 0.12355634 0.21684300 0.08208594 0.08801133
[106] 0.17414861 0.18420429 0.37936687 0.17471497 0.17872083
[111] 0.19943146 0.07222241 0.07826917 0.10862375 0.09218641
[116] 0.14608716 0.09365372 0.10542198 0.08764991 0.09740933
[121] 0.12158257 0.14331632 0.13349008 0.13772520 0.12562922
[126] 0.12928532 0.12299622 0.11633814 0.12794433 0.13435298
[131] 0.13162894 0.13431798 0.13790765 0.12416850 0.13115560
[136] 0.26752217 0.24881616 0.27312015 0.26739490 0.25083151
[141] 0.24670817 0.10863477 0.09921449 0.10378780 0.10589338
[146] 0.11540553 0.12201058 0.13437547 0.13066756 0.13422567
[151] 0.11765293 0.14047203 0.12920527 0.13578848 0.12211503
[156] 0.12544413 0.11993048 0.11245471 0.12485357 0.13122962
[161] 0.12831174 0.13119106 0.13480203 0.12048803 0.12810848
[166] 0.27336640 0.24685899 0.28388205 0.24059866 0.22106163
[171] 0.21139845 0.10628271 0.09680975 0.10060090 0.10317207
[176] 0.11440680 0.12049671 0.13101779 0.12680055 0.13039359

> mean(BMPo$fv.inoc)
[1] 0.1151656

> median(BMPo$fv.inoc)
[1] 0.1034799

> table(cbg.comb$id)

  A1   A2   A3   B1   B2   B3 C1-1 C1-2 C1-3 C2-1 C2-2 C2-3 C3-1 C3-2 
   1    1    1    1    1    1    1    1    1    1    1    1    1    1 
C3-3 C4-1 C4-2 C4-3 C5-1 C5-2 C5-3 C6-1 C6-2 C6-3   E1   E2   E3   I1 
   1    1    1    1    1    1    1    1    1    1    1    1    1    1 
  I2   I3   L1   L2   L3 
   1    1    1    1    1 

> x <- subset(cbg.comb, id %in% c('I1', 'I2', 'I3'))

> x$cvBg.grav
[1] 193.1404 159.5498 170.4386

> x$aerr1
[1] 0.2265782 0.4352601 0.3082722

> x <- subset(cbg.vol, id %in% c('I1', 'I2', 'I3') & time.d > 20)

> x$cvBg
[1] 147.4531 138.3510 155.6449

> x$cvBg/x$vol.hs
[1] 0.6454670 0.6094383 0.6858900

> x$vol.hs
[1] 228.444 227.014 226.924

> # significant digits
> table(round(cbg.grav$massloss, 2))

   0 0.01 0.02 0.03 0.04 0.05 0.06 0.07 0.08 0.09  0.1 0.11 0.12 0.13 
  35    4    5    2    1    4   11    4   13   25   15   15    9    5 
0.14 0.15 0.16 0.17 0.18 0.19  0.2 0.21 0.22 0.23 0.24 0.25 0.26 0.27 
  10    9    8   14   19   12   17   13   13   13   21   16    7   14 
0.28 0.29  0.3 
   5    5    1 

> median(round(cbg.grav$massloss, 2))
[1] 0.16

> sum(cbg.grav$massloss >= 0.1)
[1] 237

> mean(cbg.grav$massloss >= 0.1)
[1] 0.6869565

> setup$m.tot1
 [1] 354.72 357.83 357.61 409.53 410.62 384.73 396.28 407.58 404.93
[10] 402.31 404.12 401.85 391.69 377.52 400.18 398.95 407.23 399.38
[19] 390.92 393.73 396.75 385.27 391.09 391.14 388.55 387.40 385.45
[28] 357.05 349.14 359.42 358.26 360.20 361.51

> range(setup$m.tot1)
[1] 349.14 410.62

> # Total mass loss
> as.data.frame(summarise(group_by(cbg.gdt, id), vsum = sum(vol), cvBg = max(cvBg), cmass.tot = max(cmass.tot)))
     id vsum      cvBg cmass.tot
1    A1 1698 1545.5265     1.790
2    A2 1579 1437.2122     1.690
3    A3 1619 1473.6204     1.690
4    B1 1532 1394.4326     1.770
5    B2 1642 1494.5551     1.750
6    B3 1538 1399.8938     1.710
7  C1-1 1959 1783.0898     2.080
8  C1-2 1943 1768.5265     2.185
9  C1-3 1671 1520.9510     2.065
10 C2-1 1795 1633.8163     2.105
11 C2-2 1643 1495.4653     2.260
12 C2-3 1789 1628.3551     2.095
13 C3-1 1441 1311.6041     1.865
14 C3-2 1529 1391.7020     1.845
15 C3-3 1440 1310.6939     1.775
16 C4-1 1730 1574.6530     1.830
17 C4-2 1669 1519.1306     1.830
18 C4-3 1578 1436.3020     1.815
19 C5-1 1419 1291.5796     1.805
20 C5-2 1537 1398.9836     1.875
21 C5-3 1470 1338.0000     1.800
22 C6-1 1277 1162.3306     1.820
23 C6-2 1670 1520.0408     1.760
24 C6-3 1642 1494.5551     1.780
25   E1  780  709.9592     0.810
26   E2  777  707.2286     0.820
27   E3  744  677.1918     0.810
28   I1  162  147.4531     0.210
29   I2  152  138.3510     0.170
30   I3  171  155.6449     0.185
31   L1  960  873.7959     1.130
32   L2  931  847.4000     1.110
33   L3  790  719.0612     1.150
